INFO Logger Running       AT 2018-09-05 22:49:15.957
WARNING test 0               AT 2018-09-05 22:49:15.959,         i = 0         
WARNING test 1               AT 2018-09-05 22:49:15.969,         i = 1         
WARNING test 2               AT 2018-09-05 22:49:15.979,         i = 2         
WARNING test 3               AT 2018-09-05 22:49:15.989,         i = 3         
WARNING test 4               AT 2018-09-05 22:49:15.999,         i = 4         
WARNING test 5               AT 2018-09-05 22:49:16.9  ,         i = 5         
WARNING test 6               AT 2018-09-05 22:49:16.19 ,         i = 6         
WARNING test 7               AT 2018-09-05 22:49:16.29 ,         i = 7         
WARNING test 8               AT 2018-09-05 22:49:16.39 ,         i = 8         
WARNING test 9               AT 2018-09-05 22:49:16.49 ,         i = 9         
WARNING test 10              AT 2018-09-05 22:49:16.59 ,         i = 10        
WARNING test 11              AT 2018-09-05 22:49:16.69 ,         i = 11        
WARNING test 12              AT 2018-09-05 22:49:16.79 ,         i = 12        
WARNING test 13              AT 2018-09-05 22:49:16.89 ,         i = 13        
WARNING test 14              AT 2018-09-05 22:49:16.99 ,         i = 14        
WARNING test 15              AT 2018-09-05 22:49:16.109,         i = 15        
WARNING test 16              AT 2018-09-05 22:49:16.119,         i = 16        
WARNING test 17              AT 2018-09-05 22:49:16.129,         i = 17        
WARNING test 18              AT 2018-09-05 22:49:16.139,         i = 18        
WARNING test 19              AT 2018-09-05 22:49:16.149,         i = 19        
WARNING test 20              AT 2018-09-05 22:49:16.159,         i = 20        
WARNING test 21              AT 2018-09-05 22:49:16.169,         i = 21        
WARNING test 22              AT 2018-09-05 22:49:16.179,         i = 22        
WARNING test 23              AT 2018-09-05 22:49:16.189,         i = 23        
WARNING test 24              AT 2018-09-05 22:49:16.199,         i = 24        
WARNING test 25              AT 2018-09-05 22:49:16.209,         i = 25        
WARNING test 26              AT 2018-09-05 22:49:16.219,         i = 26        
WARNING test 27              AT 2018-09-05 22:49:16.229,         i = 27        
WARNING test 28              AT 2018-09-05 22:49:16.239,         i = 28        
WARNING test 29              AT 2018-09-05 22:49:16.249,         i = 29        
WARNING test 30              AT 2018-09-05 22:49:16.259,         i = 30        
WARNING test 31              AT 2018-09-05 22:49:16.269,         i = 31        
WARNING test 32              AT 2018-09-05 22:49:16.279,         i = 32        
WARNING test 33              AT 2018-09-05 22:49:16.289,         i = 33        
WARNING test 34              AT 2018-09-05 22:49:16.299,         i = 34        
WARNING test 35              AT 2018-09-05 22:49:16.309,         i = 35        
WARNING test 36              AT 2018-09-05 22:49:16.319,         i = 36        
WARNING test 37              AT 2018-09-05 22:49:16.329,         i = 37        
WARNING test 38              AT 2018-09-05 22:49:16.339,         i = 38        
WARNING test 39              AT 2018-09-05 22:49:16.349,         i = 39        
WARNING test 40              AT 2018-09-05 22:49:16.359,         i = 40        
WARNING test 41              AT 2018-09-05 22:49:16.369,         i = 41        
WARNING test 42              AT 2018-09-05 22:49:16.379,         i = 42        
WARNING test 43              AT 2018-09-05 22:49:16.389,         i = 43        
WARNING test 44              AT 2018-09-05 22:49:16.399,         i = 44        
WARNING test 45              AT 2018-09-05 22:49:16.409,         i = 45        
WARNING test 46              AT 2018-09-05 22:49:16.419,         i = 46        
WARNING test 47              AT 2018-09-05 22:49:16.429,         i = 47        
WARNING test 48              AT 2018-09-05 22:49:16.439,         i = 48        
WARNING test 49              AT 2018-09-05 22:49:16.449,         i = 49        
WARNING test 50              AT 2018-09-05 22:49:16.459,         i = 50        
WARNING test 51              AT 2018-09-05 22:49:16.469,         i = 51        
WARNING test 52              AT 2018-09-05 22:49:16.479,         i = 52        
WARNING test 53              AT 2018-09-05 22:49:16.489,         i = 53        
WARNING test 54              AT 2018-09-05 22:49:16.499,         i = 54        
WARNING test 55              AT 2018-09-05 22:49:16.509,         i = 55        
WARNING test 56              AT 2018-09-05 22:49:16.519,         i = 56        
WARNING test 57              AT 2018-09-05 22:49:16.529,         i = 57        
WARNING test 58              AT 2018-09-05 22:49:16.539,         i = 58        
WARNING test 59              AT 2018-09-05 22:49:16.549,         i = 59        
WARNING test 60              AT 2018-09-05 22:49:16.559,         i = 60        
WARNING test 61              AT 2018-09-05 22:49:16.569,         i = 61        
WARNING test 62              AT 2018-09-05 22:49:16.579,         i = 62        
WARNING test 63              AT 2018-09-05 22:49:16.589,         i = 63        
WARNING test 64              AT 2018-09-05 22:49:16.599,         i = 64        
WARNING test 65              AT 2018-09-05 22:49:16.609,         i = 65        
WARNING test 66              AT 2018-09-05 22:49:16.619,         i = 66        
WARNING test 67              AT 2018-09-05 22:49:16.629,         i = 67        
WARNING test 68              AT 2018-09-05 22:49:16.639,         i = 68        
WARNING test 69              AT 2018-09-05 22:49:16.649,         i = 69        
WARNING test 70              AT 2018-09-05 22:49:16.659,         i = 70        
WARNING test 71              AT 2018-09-05 22:49:16.669,         i = 71        
WARNING test 72              AT 2018-09-05 22:49:16.679,         i = 72        
WARNING test 73              AT 2018-09-05 22:49:16.689,         i = 73        
WARNING test 74              AT 2018-09-05 22:49:16.699,         i = 74        
WARNING test 75              AT 2018-09-05 22:49:16.709,         i = 75        
WARNING test 76              AT 2018-09-05 22:49:16.719,         i = 76        
WARNING test 77              AT 2018-09-05 22:49:16.729,         i = 77        
WARNING test 78              AT 2018-09-05 22:49:16.740,         i = 78        
WARNING test 79              AT 2018-09-05 22:49:16.750,         i = 79        
WARNING test 80              AT 2018-09-05 22:49:16.760,         i = 80        
WARNING test 81              AT 2018-09-05 22:49:16.770,         i = 81        
WARNING test 82              AT 2018-09-05 22:49:16.780,         i = 82        
WARNING test 83              AT 2018-09-05 22:49:16.790,         i = 83        
WARNING test 84              AT 2018-09-05 22:49:16.800,         i = 84        
WARNING test 85              AT 2018-09-05 22:49:16.810,         i = 85        
WARNING test 86              AT 2018-09-05 22:49:16.820,         i = 86        
WARNING test 87              AT 2018-09-05 22:49:16.830,         i = 87        
WARNING test 88              AT 2018-09-05 22:49:16.840,         i = 88        
WARNING test 89              AT 2018-09-05 22:49:16.850,         i = 89        
WARNING test 90              AT 2018-09-05 22:49:16.860,         i = 90        
WARNING test 91              AT 2018-09-05 22:49:16.870,         i = 91        
WARNING test 92              AT 2018-09-05 22:49:16.880,         i = 92        
WARNING test 93              AT 2018-09-05 22:49:16.890,         i = 93        
WARNING test 94              AT 2018-09-05 22:49:16.900,         i = 94        
WARNING test 95              AT 2018-09-05 22:49:16.910,         i = 95        
WARNING test 96              AT 2018-09-05 22:49:16.920,         i = 96        
WARNING test 97              AT 2018-09-05 22:49:16.930,         i = 97        
WARNING test 98              AT 2018-09-05 22:49:16.940,         i = 98        
WARNING test 99              AT 2018-09-05 22:49:16.950,         i = 99        
